#### Colour themes ProReg

#1
t1_3<- c('#1f78b4', '#b2df8a','#a6cee3')
t1_2<-c('#1f78b4', '#b2df8a')
t1_1<-c('#1f78b4')

#2

t2_3<- c('#8da0cb','#66c2a5', '#fc8d62')
t2_2<-c('#66c2a5', '#8da0cb')
t2_1<-c('#8da0cb')

#3

t3_3<- c('#1b9e77', '#d95f02','#7570b3')
t3_2<-c('#1b9e77', '#d95f02')
t3_1<-c('#1b9e77')

#4

t4_3<- c('#91bfdb','#fc8d59', '#ffffbf')
t4_2<-c('#fc8d59', '#91bfdb')
t4_1<-c('#91bfdb')

#5

t5_3<- c('#e7e1ef', '#c994c7','#dd1c77')
t5_2<-c('#e7e1ef', '#c994c7')
t5_1<-c('#c994c7')

#6
t6_3<- c('#deebf7', '#9ecae1','#3182bd')
t6_2<-c('#deebf7', '#3182bd')
t6_1<-c('#3182bd')

#7
t7_3<- c('#31a354', '#f7fcb9','#addd8e')
t7_2<-c('#31a354', '#f7fcb9')
t7_1<-c('#31a354')


